141,52
141,51
141,50
141,49
141,48
141,47
141,46
141,45
141,44
141,43
141,42
141,41
141,40
141,39
141,38
141,37
141,36
141,35
107,135
107,134
107,133
107,132
107,131
107,130
107,129
107,128
107,127
107,126
107,125
107,124
107,123
107,122
107,121
107,120
107,119
107,118
107,117
107,116
107,115
107,114
107,113
107,112
107,111
107,110
107,109
107,108
107,107
107,106
107,105
107,104
107,103
107,102
107,101
107,100
107,99
107,98
107,97
107,96
107,95
107,94
107,93
107,92
107,91
107,90
107,89
107,88
107,87
107,86
107,85
107,84
107,83
107,82
107,81
107,80
107,79
107,78
107,77
107,76
107,75
107,74
107,73
107,72
107,71
107,70
107,69
107,68
107,67
107,66
107,65
107,64
107,35
107,34
107,33
107,32
107,31
107,30
107,29
107,28
107,27
107,26
107,25
107,24
107,23
107,22
107,21
107,20
107,19
107,18
107,17
107,16
107,15
107,14
107,13
107,12
107,11
107,10
107,9
107,8
107,7
107,6
107,5
107,4
107,3
107,2
107,1
107,0
106,401
106,400
106,399
18,1
18,3
14,6
14,1
14,7
14,3
13,1
13,3
106,398
106,397
106,396
106,395
106,394
106,393
106,392
106,391
106,390
106,389
106,388
106,387
106,386
106,385
106,384
106,383
106,382
106,381
106,380
106,379
106,378
106,377
106,376
106,375
106,374
106,373
106,372
106,371
106,370
106,369
106,368
106,367
106,366
106,365
106,364
106,363
106,362
106,361
106,360
106,359
106,358
106,357
106,356
106,355
106,354
106,353
106,352
106,351
106,350
106,349
106,348
106,347
106,346
106,345
106,344
106,343
106,342
106,341
106,340
106,339
106,338
106,337
106,336
106,335
106,334
106,333
106,332
106,331
106,330
106,329
106,328
106,327
106,326
106,325
106,324
106,323
106,322
106,321
106,1
106,320
2,2
2,1
2,3
0,0
141,34
141,33
141,32
141,31
141,30
141,29
141,28
141,27
141,26
141,25
141,24
141,23
141,22
141,21
141,20
141,19
141,18
141,17
141,16
141,15
141,14
141,13
141,12
141,11
141,10
141,9
141,8
141,7
141,6
141,5
141,4
141,3
141,2
141,0
0,276
0,275
